2613
2971
4841
6370
8030
8615
8842
9958
11571
12199
12951
13433
15025
17259
17522
18217
18268
18400
18477
20581
23804
24936
25402
25762
25796
27600
30790
31345
32365
32446
32950
33192
33261
33727
35315
37541
37624
38087
39037
41069
41183
42146
42332
43069
43145
43951
44460
44475
45224
46118
47580
47864
48101
48687
49307
49366
50629
52193
52456
53728
54105
54909
56266
56752
58219
59543
60101
61025
61559
65802
66120
66224
67967
68018
68331
68861
70390
70762
70936
72966
74998
76239
77175
77460
79808
80844
80888
82987
85765
86737
91220
91447
91712
91941
91956
93805
94339
95516
96530
96691
99156
100076
100105
100399
100770
103511
104564
104803
105333
105765
106007
107068
108185
108226
111478
112146
112879
114670
116696
116802
116852
118575
120527
120691
121211
122474
122536
124547
126458
126674
128262
128601
129431
129957
130436
130599
131214
132820
133483
133897
135556
136591
136916
137119
137957
138125
138169
139444
140530
141489
141515
143315
143508
147595
147979
148645
148686
149596
150415
150894
152633
153630
154358
154868
155076
156266
156413
156947
157122
157805
158145
159506
159772
159982
160031
161177
161525
162563
163662
165426
165950
166403
167082
167394
167697
167698
168008
168016
168342
169253
169282
169762
171750
172833
174192
174465
176388
176446
176959
178296
178623
178747
180207
185602
188078
189238
189576
189923
191941
194211
195502
195824
199430
199969
200517
201565
203202
204180
204980
205314
205323
205897
205978
206026
206453
207815
211096
212148
212873
212906
214035
214564
214977
215903
216592
216598
217350
218324
218904
218946
218994
219031
219572
219600
223576
224433
224464
225488
225705
226944
227028
229181
230034
230460
230600
234321
235605
235721
235760
236292
237057
237105
237683
237902
240502
243079
244875
245821
245942
247238
248187
248407
249866
250311
252279
254128
257473
258693
259443
259486
259572
260247
260358
262350
263747
263964
264037
265666
266400
267451
268160
268399
270492
270943
271194
272132
272199
