     1	21
     2	69
     3	39
     4	71
     5	44
     6	86
     7	84
     8	62
     9	27
    10	59
    11	32
    12	51
    13	75
    14	73
    15	48
    16	18
    17	23
    18	35
    19	17
    20	66
    21	33
    22	15
    23	18
    24	14
    25	99
    26	89
    27	82
    28	59
    29	34
    30	79
    31	41
    32	87
    33	46
    34	76
    35	65
    36	78
    37	67
    38	72
    39	67
    40	62
    41	68
    42	45
    43	25
    44	14
    45	68
    46	59
    47	93
    48	44
    49	13
    50	29
    51	72
    52	52
    53	98
    54	35
    55	46
    56	41
    57	93
    58	94
    59	58
    60	93
    61	52
    62	87
    63	23
    64	27
    65	55
    66	58
    67	87
    68	68
    69	83
    70	98
    71	86
    72	74
    73	26
    74	26
    75	71
    76	58
    77	62
    78	64
    79	25
    80	68
    81	24
    82	92
    83	66
    84	63
    85	94
    86	18
    87	54
    88	11
    89	63
    90	84
    91	31
    92	43
    93	38
    94	67
    95	13
    96	79
    97	76
    98	99
    99	79
   100	19
   101	92
   102	31
   103	56
   104	67
   105	75
   106	43
   107	43
   108	18
   109	22
   110	39
   111	31
   112	27
   113	95
   114	94
   115	95
   116	93
   117	65
   118	11
   119	88
   120	68
   121	99
   122	52
   123	64
   124	13
   125	31
   126	88
   127	22
   128	33
   129	33
   130	81
   131	91
   132	38
   133	88
   134	61
   135	84
   136	77
   137	62
   138	28
   139	76
   140	11
   141	17
   142	69
   143	77
   144	45
   145	12
   146	51
   147	65
   148	27
   149	71
   150	45
   151	76
   152	35
   153	89
   154	98
   155	41
   156	15
   157	92
   158	36
   159	19
   160	68
   161	33
   162	99
   163	78
   164	44
   165	71
   166	24
   167	65
   168	37
   169	88
   170	16
   171	22
   172	87
   173	95
   174	68
   175	68
   176	95
   177	88
   178	91
   179	68
   180	54
   181	37
   182	41
   183	73
   184	68
   185	69
   186	16
   187	95
   188	36
   189	28
   190	99
   191	23
   192	74
   193	89
   194	72
   195	77
   196	32
   197	19
   198	81
   199	52
   200	65
   201	62
   202	11
   203	66
   204	79
   205	97
   206	99
   207	84
   208	56
   209	57
   210	92
   211	12
   212	17
   213	53
   214	85
   215	42
   216	98
   217	43
   218	58
   219	84
   220	67
   221	97
   222	77
   223	94
   224	22
   225	49
   226	38
   227	66
   228	35
   229	59
   230	35
   231	99
   232	43
   233	63
   234	74
   235	38
   236	79
   237	72
   238	89
   239	44
   240	48
   241	62
   242	87
   243	27
   244	42
   245	52
   246	56
   247	88
   248	34
   249	89
   250	13
   251	38
   252	99
   253	19
   254	48
   255	55
   256	18
   257	76
   258	29
   259	87
   260	59
   261	19
   262	23
   263	66
   264	43
   265	47
   266	22
   267	79
   268	62
   269	63
   270	19
   271	71
   272	64
   273	76
   274	84
   275	25
   276	82
   277	11
   278	51
   279	16
   280	78
   281	77
   282	33
   283	83
   284	67
   285	77
   286	89
   287	91
   288	34
   289	56
   290	36
   291	66
   292	44
   293	57
   294	39
   295	51
   296	24
   297	49
   298	34
   299	65
   300	68
   301	63
   302	65
   303	24
   304	11
   305	73
   306	48
   307	37
   308	19
   309	51
   310	58
   311	34
   312	89
   313	84
   314	86
   315	34
   316	57
   317	98
   318	72
   319	86
   320	46
   321	33
   322	63
   323	18
   324	28
   325	24
   326	71
   327	57
   328	35
   329	19
   330	15
   331	84
   332	77
   333	54
   334	82
   335	48
   336	89
   337	83
   338	23
   339	51
   340	14
   341	87
   342	35
   343	96
   344	19
   345	72
   346	18
   347	29
   348	36
   349	87
   350	21
   351	59
   352	82
   353	72
   354	68
   355	35
   356	89
   357	74
   358	82
   359	48
   360	35
   361	95
   362	25
   363	54
   364	24
   365	22
   366	47
   367	37
   368	72
   369	76
   370	96
   371	33
   372	35
   373	75
   374	75
   375	84
   376	26
   377	57
   378	47
   379	72
   380	42
   381	97
   382	67
   383	87
   384	99
   385	37
   386	94
   387	67
   388	64
   389	35
   390	19
   391	31
   392	57
   393	68
   394	32
   395	64
   396	36
   397	12
   398	27
   399	66
   400	31
   401	95
   402	88
   403	47
   404	73
   405	55
   406	25
   407	44
   408	72
   409	92
   410	32
   411	16
   412	84
   413	44
   414	82
   415	33
   416	44
   417	61
   418	88
   419	94
   420	76
   421	19
   422	54
   423	16
   424	48
   425	13
   426	46
   427	29
   428	26
   429	64
   430	44
   431	46
   432	16
   433	91
   434	24
   435	81
   436	43
   437	29
   438	27
   439	89
   440	92
   441	36
   442	92
   443	13
   444	65
   445	88
   446	42
   447	39
   448	46
   449	25
   450	33
   451	94
   452	22
   453	27
   454	38
   455	66
   456	48
   457	77
   458	32
   459	55
   460	48
   461	92
   462	16
   463	22
   464	36
   465	84
   466	72
   467	75
   468	22
   469	15
   470	11
   471	77
   472	57
   473	41
   474	27
   475	44
   476	81
   477	56
   478	37
   479	56
   480	34
   481	79
   482	79
   483	37
   484	68
   485	76
   486	86
   487	63
   488	22
   489	76
   490	19
   491	87
   492	43
   493	35
   494	88
   495	27
   496	22
   497	23
   498	87
   499	94
   500	62
   501	55
   502	42
   503	72
   504	45
   505	42
   506	98
   507	35
   508	18
   509	38
   510	42
   511	77
   512	97
   513	73
   514	44
   515	26
   516	62
   517	81
   518	33
   519	18
   520	89
   521	19
   522	19
   523	86
   524	86
   525	59
   526	69
   527	58
   528	28
   529	59
   530	62
   531	97
   532	79
   533	74
   534	79
   535	99
   536	58
   537	45
   538	74
   539	82
   540	28
   541	69
   542	86
   543	85
   544	57
   545	23
   546	72
   547	67
   548	19
   549	77
   550	41
   551	83
   552	58
   553	61
   554	49
   555	81
   556	24
   557	88
   558	97
   559	93
   560	44
   561	68
   562	31
   563	72
   564	71
   565	58
   566	87
   567	82
   568	29
   569	66
   570	49
   571	79
   572	55
   573	42
   574	68
   575	79
   576	38
   577	33
   578	64
   579	98
   580	35
   581	93
   582	34
   583	29
   584	22
   585	11
   586	67
   587	39
   588	73
   589	73
   590	69
   591	42
   592	62
   593	89
   594	48
   595	13
   596	11
   597	19
   598	92
   599	93
   600	78
   601	37
   602	76
   603	51
   604	83
   605	33
   606	25
   607	88
   608	79
   609	37
   610	54
   611	78
   612	35
   613	39
   614	39
   615	99
   616	21
   617	84
   618	64
   619	41
   620	77
   621	24
   622	29
   623	83
   624	69
   625	69
   626	28
   627	51
   628	78
   629	17
   630	57
   631	69
   632	28
   633	79
   634	89
   635	36
   636	79
   637	44
   638	88
   639	15
   640	33
   641	48
   642	68
   643	24
   644	57
   645	99
   646	19
   647	33
   648	24
   649	99
   650	96
   651	27
   652	15
   653	23
   654	45
   655	62
   656	54
   657	47
   658	45
   659	68
   660	31
   661	14
   662	13
   663	69
   664	28
   665	21
   666	16
   667	27
   668	77
   669	26
   670	38
   671	34
   672	63
   673	76
   674	52
   675	45
   676	51
   677	98
   678	13
   679	71
   680	92
   681	27
   682	43
   683	77
   684	68
   685	96
   686	33
   687	22
   688	98
   689	84
   690	11
   691	79
   692	24
   693	65
   694	57
   695	19
   696	16
   697	88
   698	88
   699	38
   700	96
   701	28
   702	27
   703	66
   704	28
   705	28
   706	57
   707	79
   708	99
   709	86
   710	82
   711	18
   712	41
   713	39
   714	31
   715	62
   716	88
   717	18
   718	39
   719	62
   720	78
   721	15
   722	68
   723	66
   724	81
   725	83
   726	98
   727	55
   728	97
   729	55
   730	92
   731	31
   732	39
   733	31
   734	69
   735	41
   736	95
   737	27
   738	18
   739	28
   740	43
   741	54
   742	14
   743	66
   744	89
   745	64
   746	58
   747	66
   748	65
   749	68
   750	33
   751	49
   752	64
   753	98
   754	24
   755	24
   756	27
   757	58
   758	68
   759	53
   760	78
   761	35
   762	98
   763	83
   764	47
   765	91
   766	91
   767	29
   768	79
   769	39
   770	54
   771	43
   772	42
   773	41
   774	55
   775	78
   776	31
   777	89
   778	82
   779	44
   780	97
   781	56
   782	32
   783	88
   784	23
   785	65
   786	89
   787	32
   788	19
   789	77
   790	71
   791	35
   792	64
   793	31
   794	77
   795	52
   796	69
   797	81
   798	45
   799	74
   800	83
   801	33
   802	24
   803	24
   804	45
   805	44
   806	94
   807	74
   808	61
   809	52
   810	97
   811	13
   812	49
   813	16
   814	23
   815	67
   816	42
   817	97
   818	87
   819	86
   820	29
   821	68
   822	81
   823	17
   824	22
   825	86
   826	37
   827	62
   828	12
   829	77
   830	85
   831	13
   832	55
   833	14
   834	37
   835	74
   836	32
   837	32
   838	25
   839	16
   840	26
   841	59
   842	96
   843	44
   844	77
   845	69
   846	26
   847	58
   848	67
   849	98
   850	21
   851	69
   852	15
   853	19
   854	68
   855	29
   856	28
   857	72
   858	72
   859	35
   860	32
   861	22
   862	27
   863	63
   864	67
   865	58
   866	89
   867	19
   868	48
   869	62
   870	93
   871	87
   872	55
   873	82
   874	29
   875	86
   876	88
   877	59
   878	37
   879	34
   880	57
   881	28
   882	54
   883	24
   884	31
   885	66
   886	18
   887	39
   888	63
   889	18
   890	49
   891	64
   892	76
   893	61
   894	95
   895	97
   896	25
   897	66
   898	22
   899	54
   900	82
   901	33
   902	95
   903	45
   904	14
   905	21
   906	19
   907	69
   908	79
   909	15
   910	49
   911	11
   912	84
   913	51
   914	67
   915	99
   916	61
   917	67
   918	19
   919	85
   920	17
   921	32
   922	78
   923	25
   924	11
   925	21
   926	73
   927	45
   928	29
   929	47
   930	99
   931	88
   932	12
   933	56
   934	62
   935	39
   936	46
   937	91
   938	88
   939	18
   940	56
   941	61
   942	55
   943	95
   944	78
   945	85
   946	11
   947	96
   948	18
   949	35
   950	39
   951	48
   952	73
   953	49
   954	99
   955	48
   956	26
   957	86
   958	87
   959	55
   960	72
   961	55
   962	66
   963	12
   964	97
   965	41
   966	89
   967	88
   968	92
   969	56
   970	47
   971	42
   972	26
   973	77
   974	26
   975	13
   976	69
   977	72
   978	89
   979	57
   980	15
   981	78
   982	95
   983	18
   984	42
   985	51
   986	66
   987	88
   988	18
   989	43
   990	68
   991	98
   992	14
   993	36
   994	62
   995	24
   996	26
   997	92
   998	49
   999	46
  1000	68
  1001	55255
